0.00 Cruise 61.00 0.000 0.000 0.000
61.00 Speed 59.46 9.91 99.09 0.000 0.000 0.000
67.10 Cruise 31.00 0.000 0.000 0.000
98.10 Turn 90.00 9.94 99.36 1 0.000 0.000 0.000
107.60 Pitch 360.00 9.99 99.89 0.000 0.000 0.000
145.10 Cruise 31.00 0.000 0.000 0.000
176.10 Turn 90.00 9.94 99.36 0 0.000 0.000 0.000
185.60 Pitch 360.00 9.99 99.89 0.000 0.000 0.000
223.10 Cruise 31.00 0.000 0.000 0.000
254.10 Turn 180.00 9.99 99.89 0 0.000 0.000 0.000
272.90 Pitch 360.00 9.99 99.89 0.000 0.000 0.000
310.40 Cruise 31.00 0.000 0.000 0.000
