124,1,12,38201000.0,17813000.0,0.0,0.0,0.0,0.0,0.0,0.0,0.0      
;
#,0     
00,000,0
01,060,1,1,1,1,1,1,1,1,1,1,1,1,1,1,1,1,1,1,1,1,1,1,1,1,1,1,1,1,1,1,1,1,1,0,0,1,0,1,0,0,0,0,0,0,0,0,0,0,0,0,0,0
02,006,1,3,0,0,0,0,0,0,0,0,0,0,0,0,0    
03,006,1,3,0,0,0,0,0,0,0,0,0,0,0,0,0    
04,006,1,3,0,0,0,0,0,0,0,0,0,0,0,0,0    
05,000,0,0,0,0,0,0,0,0,0,0,0,0,0
06,000,3,3,3,3,3,0,0,0,0,0,0,0,0,0,0,0,0,0,0,0,0,0,0,0,0,0,0,0,0,0,0,0,0,0,0,0,0,0,0,0,0,0,0,0,0,0,0,0,0,0,0,0,0,0,0,0
07,000,0,1,0,0,0,0,0,0,0,0,0,0,0,0,0,0,0,0,0,0,0,0,0,0,0,0,0,0,0,0,0,0,0,0,0,0,0,0,0,0,0,0,0,0,0,0,0,0,0,0,0,0,0
08,000,1,1,1,1,1,1,1,1,1,1,1,1,1,1,1,1,1,1,1,1,1,1,1,1,1,1,1,1,1,1,1,1,1,0,1,0,0,0,0,0,0,0,0,0,0,0,1,0,0,0,0
09,100,0,38201000.0,17813000.0,0.0,0.0,0.0,0.0,0.0,0.0,0.0,0.0,0.0
10,000,0.0,0.0,0.0,0,0.0,0,0.0,0.0,0,0.0,0.0,0,0.0,0,0,0.0
12,000,0
17,200,124,0,38201000.0,17813000.0,0.0,122,0,24176000.0,-34527000.0,0.0,120,16,40620700.0,-11265000.0,0.0
18,240,1,1,1,1,1,1,1,1,1,1
25,000,1,0,0
26,200,1,0,0,0,0,0,0,0,0,0,0,0,0,0,0,0
27,000,0,1,1,5,0,10,5,33.0,-119.0,32.0,-120.0,31.0,-121.0,30.0,-122.0,29.0,-123.0,35.0,-117.0,36.0,-116.0,37.0,-115.0,38.0,-114.0,39.0,-113.0,1,0,1,0,1
28,000,1,0,0,0,0,0,0,0,0,0,0,0
#,1200  
18,240,1,1,0,0,0,0,0,0,0,0
#


